   2.5404348e-02   1.3813781e-02   7.4932577e-04
   1.3813781e-02   3.8218298e-02  -1.1702865e-03
   7.4932577e-04  -1.1702865e-03   5.1866778e-02
   2.0895538e-02   2.0876807e-03  -2.0669330e-03
   2.0876807e-03   4.5593942e-02   3.3321237e-04
  -2.0669330e-03   3.3321237e-04   5.1646753e-02
   5.2991594e-02  -1.3435699e-02   3.8953532e-03
  -1.3435699e-02   2.1855029e-02  -4.6453040e-03
   3.8953532e-03  -4.6453040e-03   5.9270743e-02
   6.2563508e-02  -2.1720685e-03   3.3921432e-04
  -2.1720685e-03   5.7089883e-02   1.4715531e-03
   3.3921432e-04   1.4715531e-03   1.4272964e-02
   5.0516753e-02   4.0392299e-03  -1.5921603e-03
   4.0392299e-03   1.0432939e-02  -2.2701648e-03
  -1.5921603e-03  -2.2701648e-03   4.7135403e-02
   4.2917881e-02  -8.6012744e-03   6.0778669e-04
  -8.6012744e-03   1.8943526e-02   1.6111450e-03
   6.0778669e-04   1.6111450e-03   4.8502682e-02
   4.8957578e-02  -6.0893322e-04  -6.5834443e-04
  -6.0893322e-04   4.9864483e-02  -4.8502883e-03
  -6.5834443e-04  -4.8502883e-03   1.7681323e-02
