   3.1887745e-02  -1.1415673e-02   1.0269459e-02
  -1.1415673e-02   3.1120112e-02   7.0695247e-03
   1.0269459e-02   7.0695247e-03   3.0135169e-02
   2.7579745e-02  -9.8014886e-03  -8.4122837e-03
  -9.8014886e-03   2.9649942e-02  -7.2447571e-03
  -8.4122837e-03  -7.2447571e-03   3.3133639e-02
   4.5745325e-02   1.6992750e-02  -3.8589735e-03
   1.6992750e-02   4.0709354e-02   7.8174235e-03
  -3.8589735e-03   7.8174235e-03   4.6933611e-02
   3.9822477e-02  -5.8381480e-03  -4.4990650e-03
  -5.8381480e-03   4.4212068e-02  -4.9675337e-03
  -4.4990650e-03  -4.9675337e-03   1.4831089e-02
   4.4957743e-02  -2.6138337e-03   8.3706496e-03
  -2.6138337e-03   4.8161282e-02   6.6798192e-03
   8.3706496e-03   6.6798192e-03   1.6715509e-02
   3.7438170e-02   1.1330613e-02   1.2587302e-03
   1.1330613e-02   2.6980232e-02   1.9365240e-03
   1.2587302e-03   1.9365240e-03   5.2977090e-02
   4.0572424e-02   7.9164796e-03   8.1635773e-04
   7.9164796e-03   1.1202231e-02   1.5737893e-03
   8.1635773e-04   1.5737893e-03   4.3408944e-02
   1.8136713e-02  -1.0927624e-02  -2.9589833e-03
  -1.0927624e-02   4.5028010e-02  -2.3422395e-04
  -2.9589833e-03  -2.3422395e-04   4.2072733e-02
